   1.0000000000000000      -0.13327714983013567       0.10413497354899336       -2.2673269791133762E-002  -4.9323083945421425E-002 -0.76471545729759194       0.14168210947768303       0.46805459598811239      -0.56168554385012226      -0.32455805325192316      -0.22879635560428435      -0.57619106292080213       0.23040502384274802       0.28519505921482163       -6.8172260194313050E-002  0.10630324604060711       -7.6584352137226114E-002  0.19323603612000978      -0.54822641307922215       0.64042407711295857      -0.12123269710224135     
 -0.13327714983013567        1.0000000000000000       0.22475918875050616      -0.77382337659598655       0.61412939996181115        5.0596957278155781E-002   4.5254132791260671E-002 -0.17132663796741707       -9.1211292471126554E-002  0.22295730384440851       0.53092872631367671      -0.16194863766888440      -0.14263879660506346      -0.23586250743854212       -4.5611807847843078E-002 -0.30776360629887789      -0.46579052400817472       0.26404297850981912        9.0100801678395057E-002 -0.52805162809403539      -0.52994624282246150     
  0.10413497354899336       0.22475918875050616        1.0000000000000002      -0.19380524552789299       0.36524997809384740      -0.14636600079829765       0.11005964922477847        5.2800900976572307E-002  -8.7338909341215812E-002  -5.9727698187100872E-002   5.4648116942957563E-002  -8.4364869653764038E-002  -7.2597326028586096E-002   1.5975078304651100E-002 -0.12306561070373705      -0.12460794710730169      -0.18834369501977727       -3.0913625112760929E-002   1.8454084405939365E-002  -1.6272232719287575E-002 -0.22541855334202074     
  -2.2673269791133762E-002 -0.77382337659598655      -0.19380524552789299       0.99999999999999978      -0.41532355954953099        6.1729733123139528E-002  -6.3758826765868748E-002  0.12085721077822553       0.17949942549606301       -7.1254108951532044E-002 -0.47016850158509710       0.27414815032233036        2.3627762221858382E-002  0.12283211148699566        5.0064229761633217E-002  0.25305791642288417       0.29818919472152228      -0.24115185323068020        5.2904988949684706E-002  0.28974311357639582       0.33487690051682883     
  -4.9323083945421425E-002  0.61412939996181115       0.36524997809384740      -0.41532355954953099        1.0000000000000000       -3.2334808303118447E-002  0.10725391147590352       -7.4641930815931679E-002  -9.9982835632557027E-002   4.8151851740581592E-002  0.33671186501665001      -0.11347601482111955       -9.6657639060813982E-002  -4.7156446227829676E-002  -4.9179046964631865E-002 -0.20052031929298877      -0.26884244819580339       0.15189372644908555        4.3479389243810236E-002 -0.30868972669073363      -0.35686366695215482     
 -0.76471545729759194        5.0596957278155781E-002 -0.14636600079829765        6.1729733123139528E-002  -3.2334808303118447E-002   1.0000000000000000      -0.19242448514429933      -0.60013211869377525       0.73581940174175642       0.14983140577195317       0.11615353491117034       0.71791772978915536      -0.35126240370137257      -0.23572294006586061       -5.5519787541121024E-002 -0.23120703201834622       -2.7373765998947950E-002  -8.8007007923834243E-002  0.69696494317423252      -0.71296609038293790       0.14605855761502579     
  0.14168210947768303        4.5254132791260671E-002  0.11005964922477847       -6.3758826765868748E-002  0.10725391147590352      -0.19242448514429933        1.0000000000000000       0.21671366776331369      -0.30432042991127400      -0.16215203107644086        5.6220774705403480E-002 -0.12572206235070299        7.7191167223644053E-002  0.10815709244645993      -0.11941503254510716       -4.3694711660656978E-002  0.14057619387190740        2.9887961006903416E-002 -0.13275189646048716        9.4124625213602042E-002  -3.0776426344724148E-002
  0.46805459598811239      -0.17132663796741707        5.2800900976572307E-002  0.12085721077822553       -7.4641930815931679E-002 -0.60013211869377525       0.21671366776331369        1.0000000000000000      -0.38619733779897009      -0.16001625793531599      -0.15546919824002156      -0.39622135324447216       0.18250708954198805       0.27073017587689102      -0.12293601190443262       0.17289187497824460        3.3246801093238111E-002  -6.6644186975162792E-002 -0.40493604430355479       0.47006486358127703       -9.3322670766729329E-002
 -0.56168554385012226       -9.1211292471126554E-002  -8.7338909341215812E-002  0.17949942549606301       -9.9982835632557027E-002  0.73581940174175642      -0.30432042991127400      -0.38619733779897009        1.0000000000000002       0.15651434635258876       -5.6796359164385468E-002  0.52234346244315322      -0.28987686752715075      -0.15463327136844213       -3.3007439867774498E-003  -9.1886055088383850E-002  -8.8192481866945269E-002 -0.20008012029101579       0.53964286181659604      -0.45380376202804207       0.16320028886607876     
 -0.32455805325192316       0.22295730384440851       -5.9727698187100872E-002  -7.1254108951532044E-002   4.8151851740581592E-002  0.14983140577195317      -0.16215203107644086      -0.16001625793531599       0.15651434635258876        1.0000000000000002        4.0927186803350210E-002   1.8626017658064892E-002 -0.29584951033690349      -0.41506185326410788       0.43131569577108031       0.41461950474367926      -0.35043757579222662       -2.0408090560505354E-002  -7.8182635882493759E-002 -0.10628983486353226      -0.15601583888217802     
 -0.22879635560428435       0.53092872631367671        5.4648116942957563E-002 -0.47016850158509710       0.33671186501665001       0.11615353491117034        5.6220774705403480E-002 -0.15546919824002156       -5.6796359164385468E-002   4.0927186803350210E-002   1.0000000000000000      -0.18513309041841808       -1.1659270957094603E-002  -9.0021652621336962E-002  -6.4913079060801626E-002 -0.27738806555237011        2.6935704141783211E-002  0.24499473836711716      -0.15947175927118917      -0.38710742004303850      -0.14944923181513933     
 -0.57619106292080213      -0.16194863766888440       -8.4364869653764038E-002  0.27414815032233036      -0.11347601482111955       0.71791772978915536      -0.12572206235070299      -0.39622135324447216       0.52234346244315322        1.8626017658064892E-002 -0.18513309041841808        1.0000000000000002      -0.39812205498067660      -0.11742089975522746      -0.11970761762480479      -0.19943941214590907        4.7936333455225008E-002 -0.25811386894609056       0.84287827597911447      -0.60511122481141966      -0.11871641333787557     
  0.23040502384274802      -0.14263879660506346       -7.2597326028586096E-002   2.3627762221858382E-002  -9.6657639060813982E-002 -0.35126240370137257        7.7191167223644053E-002  0.18250708954198805      -0.28987686752715075      -0.29584951033690349       -1.1659270957094603E-002 -0.39812205498067660        1.0000000000000000        7.0783997989874906E-002   5.8333652753140133E-002   7.4648170838280967E-003  0.37213264486603703       0.11150681520834849      -0.37838948159521169       0.43084096569645369       0.40566703586507502     
  0.28519505921482163      -0.23586250743854212        1.5975078304651100E-002  0.12283211148699566       -4.7156446227829676E-002 -0.23572294006586061       0.10815709244645993       0.27073017587689102      -0.15463327136844213      -0.41506185326410788       -9.0021652621336962E-002 -0.11742089975522746        7.0783997989874906E-002   1.0000000000000000      -0.38018864222131094      -0.14118461326549375       0.10740661542333017       -9.7697575078890597E-002  -7.6545521178360734E-002  0.24166195975061441       -1.0887638643541180E-002
  -6.8172260194313050E-002  -4.5611807847843078E-002 -0.12306561070373705        5.0064229761633217E-002  -4.9179046964631865E-002  -5.5519787541121024E-002 -0.11941503254510716      -0.12293601190443262       -3.3007439867774498E-003  0.43131569577108031       -6.4913079060801626E-002 -0.11970761762480479        5.8333652753140133E-002 -0.38018864222131094        1.0000000000000000       0.46001579409794285       -8.2255058692655512E-003  0.16597949949801216      -0.24332351739243960       0.20655625555950866       0.22438775784221543     
  0.10630324604060711      -0.30776360629887789      -0.12460794710730169       0.25305791642288417      -0.20052031929298877      -0.23120703201834622       -4.3694711660656978E-002  0.17289187497824460       -9.1886055088383850E-002  0.41461950474367926      -0.27738806555237011      -0.19943941214590907        7.4648170838280967E-003 -0.14118461326549375       0.46001579409794285       0.99999999999999978        1.4510071052728909E-002  0.15166434642645837      -0.43231912326970551       0.50499680757935472       0.36032050836578000     
  -7.6584352137226114E-002 -0.46579052400817472      -0.18834369501977727       0.29818919472152228      -0.26884244819580339       -2.7373765998947950E-002  0.14057619387190740        3.3246801093238111E-002  -8.8192481866945269E-002 -0.35043757579222662        2.6935704141783211E-002   4.7936333455225008E-002  0.37213264486603703       0.10740661542333017       -8.2255058692655512E-003   1.4510071052728909E-002   1.0000000000000000      -0.11933009209477338      -0.14839066928254366       0.21446846584512153       0.40270750204088601     
  0.19323603612000978       0.26404297850981912       -3.0913625112760929E-002 -0.24115185323068020       0.15189372644908555       -8.8007007923834243E-002   2.9887961006903416E-002  -6.6644186975162792E-002 -0.20008012029101579       -2.0408090560505354E-002  0.24499473836711716      -0.25811386894609056       0.11150681520834849       -9.7697575078890597E-002  0.16597949949801216       0.15166434642645837      -0.11933009209477338        1.0000000000000000      -0.23528313032789744       -6.5693648600205087E-002   8.1526657473492151E-002
 -0.54822641307922215        9.0100801678395057E-002   1.8454084405939365E-002   5.2904988949684706E-002   4.3479389243810236E-002  0.69696494317423252      -0.13275189646048716      -0.40493604430355479       0.53964286181659604       -7.8182635882493759E-002 -0.15947175927118917       0.84287827597911447      -0.37838948159521169       -7.6545521178360734E-002 -0.24332351739243960      -0.43231912326970551      -0.14839066928254366      -0.23528313032789744       0.99999999999999978      -0.71283417842001107      -0.24652928952022671     
  0.64042407711295857      -0.52805162809403539       -1.6272232719287575E-002  0.28974311357639582      -0.30868972669073363      -0.71296609038293790        9.4124625213602042E-002  0.47006486358127703      -0.45380376202804207      -0.10628983486353226      -0.38710742004303850      -0.60511122481141966       0.43084096569645369       0.24166195975061441       0.20655625555950866       0.50499680757935472       0.21446846584512153       -6.5693648600205087E-002 -0.71283417842001107        1.0000000000000002       0.37474837362542324     
 -0.12123269710224135      -0.52994624282246150      -0.22541855334202074       0.33487690051682883      -0.35686366695215482       0.14605855761502579       -3.0776426344724148E-002  -9.3322670766729329E-002  0.16320028886607876      -0.15601583888217802      -0.14944923181513933      -0.11871641333787557       0.40566703586507502       -1.0887638643541180E-002  0.22438775784221543       0.36032050836578000       0.40270750204088601        8.1526657473492151E-002 -0.24652928952022671       0.37474837362542324        1.0000000000000000     
