   234.37698943001971       -1.0836559742797049        1.0908468229322033      -0.77254351382769848      -0.51808858687898995       -6.6078897182394627        1.1206821292107794        12.458680217150336       -6.5926127285464187       -282.94262587711296       -170.30206652123746       -570.24996931020121       0.77025927118245874       0.32459100678504532      -0.10867766300170344       0.22444869276636112       -8.2707813126021101E-002  0.21201276706028382       -4.8230991495717719        46.642267027469103       -6.2225952986239976     
  -1.0836559742797049       0.28206973759170317        8.1678053139552328E-002 -0.91468467257531805       0.22378679277923391        1.5167293113572270E-002   1.2417850889533916E-002 -0.15820535469668628       -3.7139297900973360E-002   6.7429269611962788        13.709695241267070       -5.5602819375516814       -1.6542586633384562E-002  -9.3126688101121298E-003  -2.5224969250385418E-003  -2.2542837370967898E-002  -1.7450903042845769E-002   1.0050074443786684E-002   2.7498920847902113E-002  -1.3341637835603353      -0.94363571182355754     
   1.0908468229322033        8.1678053139552328E-002  0.46818699787412971      -0.29513893846721684       0.17147317492528288       -5.6526918723231852E-002   3.8908791789397545E-002   6.2815821887110670E-002  -4.5816749113821525E-002  -2.3272013309310373        1.8180181125920085       -3.7317503412320407       -1.0847203884565481E-002   8.1262404701359372E-004  -8.7684231031945597E-003  -1.1758948379953076E-002  -9.0909604832698568E-003  -1.5159190779429641E-003   7.2562280864056092E-003  -5.2967726841283119E-002 -0.51712274044017148     
 -0.77254351382769848      -0.91468467257531805      -0.29513893846721684        4.9533910855021395      -0.63421161705584916        7.7544525044278834E-002  -7.3316474378117363E-002  0.46767258806540840       0.30628180961602541       -9.0304569557617462       -50.876610435750592        39.443722632238895        1.1483159708657526E-002   2.0323580702759244E-002   1.1602563667041340E-002   7.7675544342478184E-002   4.6815775362440429E-002  -3.8464343218907050E-002   6.7663846980526396E-002   3.0677428034277496        2.4987960117723942     
 -0.51808858687898995       0.22378679277923391       0.17147317492528288      -0.63421161705584916       0.47075249723301288       -1.2521952114006097E-002   3.8020638185125681E-002  -8.9042474435637356E-002  -5.2593079182055469E-002   1.8812989523656540        11.232283754422570       -5.0331706871927944       -1.4481715238914679E-002  -2.4053284312903025E-003  -3.5135936760769051E-003  -1.8974387785476485E-002  -1.3011973411050185E-002   7.4688297770353299E-003   1.7143066100885382E-002  -1.0075648462447160      -0.82090509975523906     
  -6.6078897182394627        1.5167293113572270E-002  -5.6526918723231852E-002   7.7544525044278834E-002  -1.2521952114006097E-002  0.31857439249258845       -5.6114579329452303E-002 -0.58893903618532151       0.31840765411357058        4.8156707942004680        3.1875073345045197        26.195179435551612       -4.3293690186247208E-002  -9.8910928983489358E-003  -3.2630846441265063E-003  -1.7997804870566549E-002  -1.0899058697491357E-003  -3.5599106367782706E-003  0.22606072406115460       -1.9143829630836984       0.27639281108043151     
   1.1206821292107794        1.2417850889533916E-002   3.8908791789397545E-002  -7.3316474378117363E-002   3.8020638185125681E-002  -5.6114579329452303E-002  0.26694383352546852       0.19467683985034950      -0.12054463537380039       -4.7706861189744174        1.4122777011055900       -4.1991627779005318        8.7089351933295200E-003   4.1543391660934436E-003  -6.4245699200222604E-003  -3.1135216697304605E-003   5.1235471394230183E-003   1.1066814814459736E-003  -3.9414809244537018E-002  0.23134905004543063       -5.3311688736207230E-002
   12.458680217150336      -0.15820535469668628        6.2815821887110670E-002  0.46767258806540840       -8.9042474435637356E-002 -0.58893903618532151       0.19467683985034950        3.0229855959601379      -0.51479479476130208       -15.842753068253069       -13.142431663973580       -44.534561744771196        6.9292348762465927E-002   3.4993848245977656E-002  -2.2257289331585346E-002   4.1457746484645508E-002   4.0777154186668980E-003  -8.3041793711547806E-003 -0.40458821051862109        3.8880365847603389      -0.54400075416144311     
  -6.5926127285464187       -3.7139297900973360E-002  -4.5816749113821525E-002  0.30628180961602541       -5.2593079182055469E-002  0.31840765411357058      -0.12054463537380039      -0.51479479476130208       0.58777845734839129        6.8329695984227339       -2.1170965232239913        25.888343529523866       -4.8529732362112089E-002  -8.8134668620772558E-003  -2.6350798818911686E-004  -9.7155973394273121E-003  -4.7696598260956839E-003  -1.0993277237855342E-002  0.23775081680491686       -1.6551198161075036       0.41949043152039850     
  -282.94262587711296        6.7429269611962788       -2.3272013309310373       -9.0304569557617462        1.8812989523656540        4.8156707942004680       -4.7706861189744174       -15.842753068253069        6.8329695984227339        3242.6271041628629        113.31143189945577        68.566152713473784       -3.6788058069497001       -1.7571074695272033        2.5575190602517455        3.2562017188039980       -1.4076937451844378       -8.3285094983475916E-002  -2.5583947849192223       -28.793519350237741       -29.785952904806830     
  -170.30206652123746        13.709695241267070        1.8180181125920085       -50.876610435750592        11.232283754422570        3.1875073345045197        1.4122777011055900       -13.142431663973580       -2.1170965232239913        113.31143189945577        2363.8867121280100       -581.88699048936382      -0.12378619945906978      -0.32538483709414684      -0.32864017383598693       -1.8600052497872888        9.2382704522087689E-002  0.85366307273494124       -4.4555965969369558       -89.536340434672070       -24.361348264728189     
  -570.24996931020121       -5.5602819375516814       -3.7317503412320407        39.443722632238895       -5.0331706871927944        26.195179435551612       -4.1991627779005318       -44.534561744771196        25.888343529523866        68.566152713473784       -581.88699048936382        4179.0977938364695       -5.6201124909129021      -0.56431769802344112      -0.80582023155202898       -1.7781374170275770       0.21860248222729775       -1.1958288202741307        31.312293290719250       -186.09340841580618       -25.730388160672081     
  0.77025927118245874       -1.6542586633384562E-002  -1.0847203884565481E-002   1.1483159708657526E-002  -1.4481715238914679E-002  -4.3293690186247208E-002   8.7089351933295200E-003   6.9292348762465927E-002  -4.8529732362112089E-002  -3.6788058069497001      -0.12378619945906978       -5.6201124909129021        4.7684255743083749E-002   1.1491046781116885E-003   1.3264222200119297E-003   2.2481213135812063E-004   5.7323709067421576E-003   1.7450397516063732E-003  -4.7482689293478944E-002  0.44756798049207691       0.29699663358347950     
  0.32459100678504532       -9.3126688101121298E-003   8.1262404701359372E-004   2.0323580702759244E-002  -2.4053284312903025E-003  -9.8910928983489358E-003   4.1543391660934436E-003   3.4993848245977656E-002  -8.8134668620772558E-003  -1.7571074695272033      -0.32538483709414684      -0.56431769802344112        1.1491046781116885E-003   5.5268031904822171E-003  -2.9431422319474852E-003  -1.4475628761315450E-003   5.6327054388231022E-004  -5.2051972600966709E-004  -3.2701338770638011E-003   8.5467265096194261E-002  -2.7137197902499404E-003
 -0.10867766300170344       -2.5224969250385418E-003  -8.7684231031945597E-003   1.1602563667041340E-002  -3.5135936760769051E-003  -3.2630846441265063E-003  -6.4245699200222604E-003  -2.2257289331585346E-002  -2.6350798818911686E-004   2.5575190602517455      -0.32864017383598693      -0.80582023155202898        1.3264222200119297E-003  -2.9431422319474852E-003   1.0843019138819075E-002   6.6063400348958896E-003  -6.0420837118116322E-005   1.2386424824022567E-003  -1.4560220317514305E-002  0.10232175452196103        7.8337295644490781E-002
  0.22444869276636112       -2.2542837370967898E-002  -1.1758948379953076E-002   7.7675544342478184E-002  -1.8974387785476485E-002  -1.7997804870566549E-002  -3.1135216697304605E-003   4.1457746484645508E-002  -9.7155973394273121E-003   3.2562017188039980       -1.8600052497872888       -1.7781374170275770        2.2481213135812063E-004  -1.4475628761315450E-003   6.6063400348958896E-003   1.9020684277192376E-002   1.4116649011002998E-004   1.4990391476388974E-003  -3.4263069212996822E-002  0.33132653234100445       0.16660819279983974     
  -8.2707813126021101E-002  -1.7450903042845769E-002  -9.0909604832698568E-003   4.6815775362440429E-002  -1.3011973411050185E-002  -1.0899058697491357E-003   5.1235471394230183E-003   4.0777154186668980E-003  -4.7696598260956839E-003  -1.4076937451844378        9.2382704522087689E-002  0.21860248222729775        5.7323709067421576E-003   5.6327054388231022E-004  -6.0420837118116322E-005   1.4116649011002998E-004   4.9762021960929118E-003  -6.0327509041537019E-004  -6.0153977832955799E-003   7.1972563006752560E-002   9.5242992666109805E-002
  0.21201276706028382        1.0050074443786684E-002  -1.5159190779429641E-003  -3.8464343218907050E-002   7.4688297770353299E-003  -3.5599106367782706E-003   1.1066814814459736E-003  -8.3041793711547806E-003  -1.0993277237855342E-002  -8.3285094983475916E-002  0.85366307273494124       -1.1958288202741307        1.7450397516063732E-003  -5.2051972600966709E-004   1.2386424824022567E-003   1.4990391476388974E-003  -6.0327509041537019E-004   5.1360922632243582E-003  -9.6898252856265719E-003  -2.2397229778478796E-002   1.9588913520017848E-002
  -4.8230991495717719        2.7498920847902113E-002   7.2562280864056092E-003   6.7663846980526396E-002   1.7143066100885382E-002  0.22606072406115460       -3.9414809244537018E-002 -0.40458821051862109       0.23775081680491686       -2.5583947849192223       -4.4555965969369558        31.312293290719250       -4.7482689293478944E-002  -3.2701338770638011E-003  -1.4560220317514305E-002  -3.4263069212996822E-002  -6.0153977832955799E-003  -9.6898252856265719E-003  0.33023073950187237       -1.9487304774159215      -0.47497590213095370     
   46.642267027469103       -1.3341637835603353       -5.2967726841283119E-002   3.0677428034277496       -1.0075648462447160       -1.9143829630836984       0.23134905004543063        3.8880365847603389       -1.6551198161075036       -28.793519350237741       -89.536340434672070       -186.09340841580618       0.44756798049207691        8.5467265096194261E-002  0.10232175452196103       0.33132653234100445        7.1972563006752560E-002  -2.2397229778478796E-002  -1.9487304774159215        22.631275330914946        5.9770731988175134     
  -6.2225952986239976      -0.94363571182355754      -0.51712274044017148        2.4987960117723942      -0.82090509975523906       0.27639281108043151       -5.3311688736207230E-002 -0.54400075416144311       0.41949043152039850       -29.785952904806830       -24.361348264728189       -25.730388160672081       0.29699663358347950       -2.7137197902499404E-003   7.8337295644490781E-002  0.16660819279983974        9.5242992666109805E-002   1.9588913520017848E-002 -0.47497590213095370        5.9770731988175134        11.240577060087194     
