     0.0694   0.0137   0.0176   0.0294   0.0136   0.0055  -0.0161   0.0097   0.0580  -0.1919
     5.1277   1.1643   1.1875   1.1844   1.1424   1.1259   1.0604   1.0293   0.8459 -13.7109
     1.1643   0.4624   0.2812   0.2784   0.2659   0.2630   0.2362   0.2443   0.2108  -3.2495
     1.1875   0.2812   0.5051   0.2832   0.2748   0.2670   0.2585   0.2360   0.2001  -3.3259
     1.1844   0.2784   0.2832   0.5312   0.2731   0.2633   0.2499   0.2386   0.2002  -3.3393
     1.1424   0.2659   0.2748   0.2731   0.5668   0.2645   0.2456   0.2396   0.1678  -3.2882
     1.1259   0.2630   0.2670   0.2633   0.2645   0.6294   0.2380   0.2253   0.1753  -3.2913
     1.0604   0.2362   0.2585   0.2499   0.2456   0.2380   0.7071   0.2174   0.1872  -3.2599
     1.0293   0.2443   0.2360   0.2386   0.2396   0.2253   0.2174   0.9446   0.1622  -3.3831
     0.8459   0.2108   0.2001   0.2002   0.1678   0.1753   0.1872   0.1622   1.5607  -3.5402
   -13.7109  -3.2495  -3.3259  -3.3393  -3.2882  -3.2913  -3.2599  -3.3831  -3.5402  40.6305
